2025-04-16 00:55:29.653074 - Received CBT.V508.FILE861.PDS from FILE861.XMI 
2025-04-16 00:55:29.666576 - Found $$$#DATE.txt (text/plain) in CBT.V508.FILE861.PDS, moved to PDS/$$$#DATE
2025-04-16 00:55:29.666715 - Found $$$COESP.txt (text/plain) in CBT.V508.FILE861.PDS, moved to PDS/$$$COESP
2025-04-16 00:55:29.666936 - Found $$$INDEX.txt (text/plain) in CBT.V508.FILE861.PDS, moved to PDS/$$$INDEX
2025-04-16 00:55:29.667076 - Found $$RIGHTS.txt (text/plain) in CBT.V508.FILE861.PDS, moved to PDS/$$RIGHTS
2025-04-16 00:55:29.667236 - Found $FCB2.txt (text/plain) in CBT.V508.FILE861.PDS, moved to PDS/$FCB2
2025-04-16 00:55:29.667451 - Found $FCB3.txt (text/plain) in CBT.V508.FILE861.PDS, moved to PDS/$FCB3
2025-04-16 00:55:29.667662 - Found $HEAD.txt (text/plain) in CBT.V508.FILE861.PDS, moved to PDS/$HEAD
2025-04-16 00:55:29.667782 - Found $TCKCONV.txt (text/plain) in CBT.V508.FILE861.PDS, moved to PDS/$TCKCONV
2025-04-16 00:55:29.667910 - Found #CNVRT.txt (text/plain) in CBT.V508.FILE861.PDS, moved to PDS/#CNVRT
2025-04-16 00:55:29.668048 - Found #FMT.txt (text/plain) in CBT.V508.FILE861.PDS, moved to PDS/#FMT
2025-04-16 00:55:29.668166 - Found #FOOT.txt (text/plain) in CBT.V508.FILE861.PDS, moved to PDS/#FOOT
2025-04-16 00:55:29.668307 - Found #OPMSG.txt (text/plain) in CBT.V508.FILE861.PDS, moved to PDS/#OPMSG
2025-04-16 00:55:29.668433 - Found #PRT.txt (text/plain) in CBT.V508.FILE861.PDS, moved to PDS/#PRT
2025-04-16 00:55:29.668557 - Found #PRTWRK.txt (text/plain) in CBT.V508.FILE861.PDS, moved to PDS/#PRTWRK
2025-04-16 00:55:29.668678 - Found #RDR.txt (text/plain) in CBT.V508.FILE861.PDS, moved to PDS/#RDR
2025-04-16 00:55:29.668802 - Found #RDRWRK.txt (text/plain) in CBT.V508.FILE861.PDS, moved to PDS/#RDRWRK
2025-04-16 00:55:29.668941 - Found #SORT.txt (text/plain) in CBT.V508.FILE861.PDS, moved to PDS/#SORT
2025-04-16 00:55:29.669055 - Found #TGET.txt (text/plain) in CBT.V508.FILE861.PDS, moved to PDS/#TGET
2025-04-16 00:55:29.669185 - Found #TPUT.txt (text/plain) in CBT.V508.FILE861.PDS, moved to PDS/#TPUT
2025-04-16 00:55:29.669305 - Found #TRACE.txt (text/plain) in CBT.V508.FILE861.PDS, moved to PDS/#TRACE
2025-04-16 00:55:29.669451 - Found #TRAP.txt (text/plain) in CBT.V508.FILE861.PDS, moved to PDS/#TRAP
2025-04-16 00:55:29.669594 - Found #TRC.txt (text/plain) in CBT.V508.FILE861.PDS, moved to PDS/#TRC
2025-04-16 00:55:29.669707 - Found #TRCCLC.txt (text/plain) in CBT.V508.FILE861.PDS, moved to PDS/#TRCCLC
2025-04-16 00:55:29.669766 - Found @FILE861.txt (text/plain) in CBT.V508.FILE861.PDS, moved to PDS/@FILE861
2025-04-16 00:55:29.669866 - Found @OBTAIN.txt (text/plain) in CBT.V508.FILE861.PDS, moved to PDS/@OBTAIN
2025-04-16 00:55:29.669992 - Found @PROTECT.txt (text/plain) in CBT.V508.FILE861.PDS, moved to PDS/@PROTECT
2025-04-16 00:55:29.670212 - Found @VOLRESB.txt (text/plain) in CBT.V508.FILE861.PDS, moved to PDS/@VOLRESB
2025-04-16 00:55:29.670341 - Found @VOLREST.txt (text/plain) in CBT.V508.FILE861.PDS, moved to PDS/@VOLREST
2025-04-16 00:55:29.670455 - Found AMODE.txt (text/plain) in CBT.V508.FILE861.PDS, moved to PDS/AMODE
2025-04-16 00:55:29.670578 - Found AM24.txt (text/plain) in CBT.V508.FILE861.PDS, moved to PDS/AM24
2025-04-16 00:55:29.670693 - Found AM31.txt (text/plain) in CBT.V508.FILE861.PDS, moved to PDS/AM31
2025-04-16 00:55:29.670860 - Found ARM.txt (text/plain) in CBT.V508.FILE861.PDS, moved to PDS/ARM
2025-04-16 00:55:29.670981 - Found ARMODE.txt (text/plain) in CBT.V508.FILE861.PDS, moved to PDS/ARMODE
2025-04-16 00:55:29.671126 - Found AUTHBCDE.txt (text/plain) in CBT.V508.FILE861.PDS, moved to PDS/AUTHBCDE
2025-04-16 00:55:29.671241 - Found A64D.txt (text/plain) in CBT.V508.FILE861.PDS, moved to PDS/A64D
2025-04-16 00:55:29.671362 - Found A64F.txt (text/plain) in CBT.V508.FILE861.PDS, moved to PDS/A64F
2025-04-16 00:55:29.671475 - Found BAKR.txt (text/plain) in CBT.V508.FILE861.PDS, moved to PDS/BAKR
2025-04-16 00:55:29.671595 - Found BALS.txt (text/plain) in CBT.V508.FILE861.PDS, moved to PDS/BALS
2025-04-16 00:55:29.671707 - Found BALSR.txt (text/plain) in CBT.V508.FILE861.PDS, moved to PDS/BALSR
2025-04-16 00:55:29.671834 - Found BANDAID.txt (text/plain) in CBT.V508.FILE861.PDS, moved to PDS/BANDAID
2025-04-16 00:55:29.671950 - Found BAS.txt (text/plain) in CBT.V508.FILE861.PDS, moved to PDS/BAS
2025-04-16 00:55:29.672062 - Found BASCALL.txt (text/plain) in CBT.V508.FILE861.PDS, moved to PDS/BASCALL
2025-04-16 00:55:29.672172 - Found BASEND.txt (text/plain) in CBT.V508.FILE861.PDS, moved to PDS/BASEND
2025-04-16 00:55:29.672282 - Found BASHEAD.txt (text/plain) in CBT.V508.FILE861.PDS, moved to PDS/BASHEAD
2025-04-16 00:55:29.672386 - Found BASR.txt (text/plain) in CBT.V508.FILE861.PDS, moved to PDS/BASR
2025-04-16 00:55:29.672499 - Found BASRET.txt (text/plain) in CBT.V508.FILE861.PDS, moved to PDS/BASRET
2025-04-16 00:55:29.672621 - Found BASSM.txt (text/plain) in CBT.V508.FILE861.PDS, moved to PDS/BASSM
2025-04-16 00:55:29.672745 - Found BCON.txt (text/plain) in CBT.V508.FILE861.PDS, moved to PDS/BCON
2025-04-16 00:55:29.672857 - Found BIGBEN.txt (text/plain) in CBT.V508.FILE861.PDS, moved to PDS/BIGBEN
2025-04-16 00:55:29.672985 - Found BIX.txt (text/plain) in CBT.V508.FILE861.PDS, moved to PDS/BIX
2025-04-16 00:55:29.673111 - Found BLANKOUT.txt (text/plain) in CBT.V508.FILE861.PDS, moved to PDS/BLANKOUT
2025-04-16 00:55:29.673247 - Found BLOOK.txt (text/plain) in CBT.V508.FILE861.PDS, moved to PDS/BLOOK
2025-04-16 00:55:29.673371 - Found BSM.txt (text/plain) in CBT.V508.FILE861.PDS, moved to PDS/BSM
2025-04-16 00:55:29.673484 - Found BTAB.txt (text/plain) in CBT.V508.FILE861.PDS, moved to PDS/BTAB
2025-04-16 00:55:29.673631 - Found BUILDCDE.txt (text/plain) in CBT.V508.FILE861.PDS, moved to PDS/BUILDCDE
2025-04-16 00:55:29.673759 - Found CATCALL.txt (text/plain) in CBT.V508.FILE861.PDS, moved to PDS/CATCALL
2025-04-16 00:55:29.673883 - Found CATSCAT.txt (text/plain) in CBT.V508.FILE861.PDS, moved to PDS/CATSCAT
2025-04-16 00:55:29.673998 - Found CATSPARM.txt (text/plain) in CBT.V508.FILE861.PDS, moved to PDS/CATSPARM
2025-04-16 00:55:29.674138 - Found CATSWORK.txt (text/plain) in CBT.V508.FILE861.PDS, moved to PDS/CATSWORK
2025-04-16 00:55:29.674256 - Found CLRL.txt (text/plain) in CBT.V508.FILE861.PDS, moved to PDS/CLRL
2025-04-16 00:55:29.674386 - Found CMASK.txt (text/plain) in CBT.V508.FILE861.PDS, moved to PDS/CMASK
2025-04-16 00:55:29.674498 - Found CNVA.txt (text/plain) in CBT.V508.FILE861.PDS, moved to PDS/CNVA
2025-04-16 00:55:29.674658 - Found CNVD.txt (text/plain) in CBT.V508.FILE861.PDS, moved to PDS/CNVD
2025-04-16 00:55:29.674780 - Found CNVR.txt (text/plain) in CBT.V508.FILE861.PDS, moved to PDS/CNVR
2025-04-16 00:55:29.674903 - Found CNVX.txt (text/plain) in CBT.V508.FILE861.PDS, moved to PDS/CNVX
2025-04-16 00:55:29.675031 - Found CPOOL.txt (text/plain) in CBT.V508.FILE861.PDS, moved to PDS/CPOOL
2025-04-16 00:55:29.675152 - Found CRMEND.txt (text/plain) in CBT.V508.FILE861.PDS, moved to PDS/CRMEND
2025-04-16 00:55:29.675276 - Found CRMEXIT.txt (text/plain) in CBT.V508.FILE861.PDS, moved to PDS/CRMEXIT
2025-04-16 00:55:29.675389 - Found CRMHEAD.txt (text/plain) in CBT.V508.FILE861.PDS, moved to PDS/CRMHEAD
2025-04-16 00:55:29.675513 - Found CRMS.txt (text/plain) in CBT.V508.FILE861.PDS, moved to PDS/CRMS
2025-04-16 00:55:29.675625 - Found CRMSPIE.txt (text/plain) in CBT.V508.FILE861.PDS, moved to PDS/CRMSPIE
2025-04-16 00:55:29.675745 - Found CSADD.txt (text/plain) in CBT.V508.FILE861.PDS, moved to PDS/CSADD
2025-04-16 00:55:29.675859 - Found CSDEC.txt (text/plain) in CBT.V508.FILE861.PDS, moved to PDS/CSDEC
2025-04-16 00:55:29.676005 - Found CSIRWORK.txt (text/plain) in CBT.V508.FILE861.PDS, moved to PDS/CSIRWORK
2025-04-16 00:55:29.676132 - Found CSREP.txt (text/plain) in CBT.V508.FILE861.PDS, moved to PDS/CSREP
2025-04-16 00:55:29.676281 - Found CVH.txt (text/plain) in CBT.V508.FILE861.PDS, moved to PDS/CVH
2025-04-16 00:55:29.676394 - Found CVI.txt (text/plain) in CBT.V508.FILE861.PDS, moved to PDS/CVI
2025-04-16 00:55:29.676552 - Found DASDTYPE.txt (text/plain) in CBT.V508.FILE861.PDS, moved to PDS/DASDTYPE
2025-04-16 00:55:29.676771 - Found DBO.txt (text/plain) in CBT.V508.FILE861.PDS, moved to PDS/DBO
2025-04-16 00:55:29.677183 - Found DCBEXITD.txt (text/plain) in CBT.V508.FILE861.PDS, moved to PDS/DCBEXITD
2025-04-16 00:55:29.677302 - Found DCIN.txt (text/plain) in CBT.V508.FILE861.PDS, moved to PDS/DCIN
2025-04-16 00:55:29.677438 - Found DCLC.txt (text/plain) in CBT.V508.FILE861.PDS, moved to PDS/DCLC
2025-04-16 00:55:29.677574 - Found DCON.txt (text/plain) in CBT.V508.FILE861.PDS, moved to PDS/DCON
2025-04-16 00:55:29.677794 - Found DCS.txt (text/plain) in CBT.V508.FILE861.PDS, moved to PDS/DCS
2025-04-16 00:55:29.677910 - Found DEBCNT.txt (text/plain) in CBT.V508.FILE861.PDS, moved to PDS/DEBCNT
2025-04-16 00:55:29.678055 - Found DEBDO.txt (text/plain) in CBT.V508.FILE861.PDS, moved to PDS/DEBDO
2025-04-16 00:55:29.678181 - Found DEBEND.txt (text/plain) in CBT.V508.FILE861.PDS, moved to PDS/DEBEND
2025-04-16 00:55:29.678382 - Found DEBEX.txt (text/plain) in CBT.V508.FILE861.PDS, moved to PDS/DEBEX
2025-04-16 00:55:29.678603 - Found DEBINLIN.txt (text/plain) in CBT.V508.FILE861.PDS, moved to PDS/DEBINLIN
2025-04-16 00:55:29.678728 - Found DEBPRT.txt (text/plain) in CBT.V508.FILE861.PDS, moved to PDS/DEBPRT
2025-04-16 00:55:29.679136 - Found DEBSTOMP.txt (text/plain) in CBT.V508.FILE861.PDS, moved to PDS/DEBSTOMP
2025-04-16 00:55:29.679351 - Found DEBTRACE.txt (text/plain) in CBT.V508.FILE861.PDS, moved to PDS/DEBTRACE
2025-04-16 00:55:29.679469 - Found DEBTRACY.txt (text/plain) in CBT.V508.FILE861.PDS, moved to PDS/DEBTRACY
2025-04-16 00:55:29.679589 - Found DELETEST.txt (text/plain) in CBT.V508.FILE861.PDS, moved to PDS/DELETEST
2025-04-16 00:55:29.679707 - Found DIAG.txt (text/plain) in CBT.V508.FILE861.PDS, moved to PDS/DIAG
2025-04-16 00:55:29.679828 - Found DUMP.txt (text/plain) in CBT.V508.FILE861.PDS, moved to PDS/DUMP
2025-04-16 00:55:29.679940 - Found DYNSPACE.txt (text/plain) in CBT.V508.FILE861.PDS, moved to PDS/DYNSPACE
2025-04-16 00:55:29.680064 - Found EBCDIG.txt (text/plain) in CBT.V508.FILE861.PDS, moved to PDS/EBCDIG
2025-04-16 00:55:29.680178 - Found EBCHEX.txt (text/plain) in CBT.V508.FILE861.PDS, moved to PDS/EBCHEX
2025-04-16 00:55:29.680339 - Found ENDM.txt (text/plain) in CBT.V508.FILE861.PDS, moved to PDS/ENDM
2025-04-16 00:55:29.680500 - Found ESPCVT.txt (text/plain) in CBT.V508.FILE861.PDS, moved to PDS/ESPCVT
2025-04-16 00:55:29.680643 - Found ESPHEAD.txt (text/plain) in CBT.V508.FILE861.PDS, moved to PDS/ESPHEAD
2025-04-16 00:55:29.680760 - Found ESPIE.txt (text/plain) in CBT.V508.FILE861.PDS, moved to PDS/ESPIE
2025-04-16 00:55:29.680883 - Found ESPPDS.txt (text/plain) in CBT.V508.FILE861.PDS, moved to PDS/ESPPDS
2025-04-16 00:55:29.681018 - Found FD.txt (text/plain) in CBT.V508.FILE861.PDS, moved to PDS/FD
2025-04-16 00:55:29.681142 - Found FDBAR.txt (text/plain) in CBT.V508.FILE861.PDS, moved to PDS/FDBAR
2025-04-16 00:55:29.681258 - Found FDBR.txt (text/plain) in CBT.V508.FILE861.PDS, moved to PDS/FDBR
2025-04-16 00:55:29.681381 - Found FDBUMP.txt (text/plain) in CBT.V508.FILE861.PDS, moved to PDS/FDBUMP
2025-04-16 00:55:29.681496 - Found FDCLC.txt (text/plain) in CBT.V508.FILE861.PDS, moved to PDS/FDCLC
2025-04-16 00:55:29.681619 - Found FDCLI.txt (text/plain) in CBT.V508.FILE861.PDS, moved to PDS/FDCLI
2025-04-16 00:55:29.681739 - Found FDDUMP.txt (text/plain) in CBT.V508.FILE861.PDS, moved to PDS/FDDUMP
2025-04-16 00:55:29.681863 - Found FDEXEC.txt (text/plain) in CBT.V508.FILE861.PDS, moved to PDS/FDEXEC
2025-04-16 00:55:29.681977 - Found FDFD.txt (text/plain) in CBT.V508.FILE861.PDS, moved to PDS/FDFD
2025-04-16 00:55:29.682097 - Found FDFLAG.txt (text/plain) in CBT.V508.FILE861.PDS, moved to PDS/FDFLAG
2025-04-16 00:55:29.682227 - Found FDGOTO.txt (text/plain) in CBT.V508.FILE861.PDS, moved to PDS/FDGOTO
2025-04-16 00:55:29.682367 - Found FDIN.txt (text/plain) in CBT.V508.FILE861.PDS, moved to PDS/FDIN
2025-04-16 00:55:29.682502 - Found FDINP.txt (text/plain) in CBT.V508.FILE861.PDS, moved to PDS/FDINP
2025-04-16 00:55:29.682645 - Found FDLINE.txt (text/plain) in CBT.V508.FILE861.PDS, moved to PDS/FDLINE
2025-04-16 00:55:29.682778 - Found FDLITEM.txt (text/plain) in CBT.V508.FILE861.PDS, moved to PDS/FDLITEM
2025-04-16 00:55:29.682914 - Found FDLSET.txt (text/plain) in CBT.V508.FILE861.PDS, moved to PDS/FDLSET
2025-04-16 00:55:29.683043 - Found FDLVAL.txt (text/plain) in CBT.V508.FILE861.PDS, moved to PDS/FDLVAL
2025-04-16 00:55:29.683158 - Found FDMODE.txt (text/plain) in CBT.V508.FILE861.PDS, moved to PDS/FDMODE
2025-04-16 00:55:29.683321 - Found FDOPT.txt (text/plain) in CBT.V508.FILE861.PDS, moved to PDS/FDOPT
2025-04-16 00:55:29.683459 - Found FDPRT.txt (text/plain) in CBT.V508.FILE861.PDS, moved to PDS/FDPRT
2025-04-16 00:55:29.683573 - Found FDREPT.txt (text/plain) in CBT.V508.FILE861.PDS, moved to PDS/FDREPT
2025-04-16 00:55:29.683704 - Found FDROOM.txt (text/plain) in CBT.V508.FILE861.PDS, moved to PDS/FDROOM
2025-04-16 00:55:29.683821 - Found FDSCAN.txt (text/plain) in CBT.V508.FILE861.PDS, moved to PDS/FDSCAN
2025-04-16 00:55:29.683950 - Found FDSECT.txt (text/plain) in CBT.V508.FILE861.PDS, moved to PDS/FDSECT
2025-04-16 00:55:29.684076 - Found FDSNAP.txt (text/plain) in CBT.V508.FILE861.PDS, moved to PDS/FDSNAP
2025-04-16 00:55:29.684205 - Found FDSPACE.txt (text/plain) in CBT.V508.FILE861.PDS, moved to PDS/FDSPACE
2025-04-16 00:55:29.684321 - Found FDTM.txt (text/plain) in CBT.V508.FILE861.PDS, moved to PDS/FDTM
2025-04-16 00:55:29.684442 - Found FDUEX.txt (text/plain) in CBT.V508.FILE861.PDS, moved to PDS/FDUEX
2025-04-16 00:55:29.684571 - Found FDUEXEND.txt (text/plain) in CBT.V508.FILE861.PDS, moved to PDS/FDUEXEND
2025-04-16 00:55:29.684695 - Found FDUEXHED.txt (text/plain) in CBT.V508.FILE861.PDS, moved to PDS/FDUEXHED
2025-04-16 00:55:29.684810 - Found FDUEXRET.txt (text/plain) in CBT.V508.FILE861.PDS, moved to PDS/FDUEXRET
2025-04-16 00:55:29.684932 - Found FETWORK.txt (text/plain) in CBT.V508.FILE861.PDS, moved to PDS/FETWORK
2025-04-16 00:55:29.685044 - Found FIXD.txt (text/plain) in CBT.V508.FILE861.PDS, moved to PDS/FIXD
2025-04-16 00:55:29.685169 - Found FLD.txt (text/plain) in CBT.V508.FILE861.PDS, moved to PDS/FLD
2025-04-16 00:55:29.685280 - Found FLGTAB.txt (text/plain) in CBT.V508.FILE861.PDS, moved to PDS/FLGTAB
2025-04-16 00:55:29.685404 - Found FLOATD.txt (text/plain) in CBT.V508.FILE861.PDS, moved to PDS/FLOATD
2025-04-16 00:55:29.685516 - Found FMT.txt (text/plain) in CBT.V508.FILE861.PDS, moved to PDS/FMT
2025-04-16 00:55:29.685636 - Found FSAWORK.txt (text/plain) in CBT.V508.FILE861.PDS, moved to PDS/FSAWORK
2025-04-16 00:55:29.685751 - Found GETCC.txt (text/plain) in CBT.V508.FILE861.PDS, moved to PDS/GETCC
2025-04-16 00:55:29.685872 - Found GETJESID.txt (text/plain) in CBT.V508.FILE861.PDS, moved to PDS/GETJESID
2025-04-16 00:55:29.685984 - Found GETREG.txt (text/plain) in CBT.V508.FILE861.PDS, moved to PDS/GETREG
2025-04-16 00:55:29.686105 - Found HCON.txt (text/plain) in CBT.V508.FILE861.PDS, moved to PDS/HCON
2025-04-16 00:55:29.686240 - Found IAC.txt (text/plain) in CBT.V508.FILE861.PDS, moved to PDS/IAC
2025-04-16 00:55:29.686362 - Found INC.txt (text/plain) in CBT.V508.FILE861.PDS, moved to PDS/INC
2025-04-16 00:55:29.686475 - Found INCH.txt (text/plain) in CBT.V508.FILE861.PDS, moved to PDS/INCH
2025-04-16 00:55:29.686596 - Found INDEC.txt (text/plain) in CBT.V508.FILE861.PDS, moved to PDS/INDEC
2025-04-16 00:55:29.686724 - Found INDSN.txt (text/plain) in CBT.V508.FILE861.PDS, moved to PDS/INDSN
2025-04-16 00:55:29.686836 - Found INEDIT.txt (text/plain) in CBT.V508.FILE861.PDS, moved to PDS/INEDIT
2025-04-16 00:55:29.686970 - Found INHEX.txt (text/plain) in CBT.V508.FILE861.PDS, moved to PDS/INHEX
2025-04-16 00:55:29.687086 - Found INPCLOSE.txt (text/plain) in CBT.V508.FILE861.PDS, moved to PDS/INPCLOSE
2025-04-16 00:55:29.687210 - Found INPCOM.txt (text/plain) in CBT.V508.FILE861.PDS, moved to PDS/INPCOM
2025-04-16 00:55:29.687320 - Found INPFEOV.txt (text/plain) in CBT.V508.FILE861.PDS, moved to PDS/INPFEOV
2025-04-16 00:55:29.687516 - Found INPFIND.txt (text/plain) in CBT.V508.FILE861.PDS, moved to PDS/INPFIND
2025-04-16 00:55:29.687633 - Found INPGET.txt (text/plain) in CBT.V508.FILE861.PDS, moved to PDS/INPGET
2025-04-16 00:55:29.688021 - Found INPKEEP.txt (text/plain) in CBT.V508.FILE861.PDS, moved to PDS/INPKEEP
2025-04-16 00:55:29.688131 - Found INPKEEPM.txt (text/plain) in CBT.V508.FILE861.PDS, moved to PDS/INPKEEPM
2025-04-16 00:55:29.689071 - Found INPOPEN.txt (text/plain) in CBT.V508.FILE861.PDS, moved to PDS/INPOPEN
2025-04-16 00:55:29.689169 - Found INPQMEM.txt (text/plain) in CBT.V508.FILE861.PDS, moved to PDS/INPQMEM
2025-04-16 00:55:29.689269 - Found INPREAD.txt (text/plain) in CBT.V508.FILE861.PDS, moved to PDS/INPREAD
2025-04-16 00:55:29.689358 - Found INPWORK.txt (text/plain) in CBT.V508.FILE861.PDS, moved to PDS/INPWORK
2025-04-16 00:55:29.689450 - Found IPM.txt (text/plain) in CBT.V508.FILE861.PDS, moved to PDS/IPM
2025-04-16 00:55:29.689538 - Found JOBSEPLN.txt (text/plain) in CBT.V508.FILE861.PDS, moved to PDS/JOBSEPLN
2025-04-16 00:55:29.689637 - Found LADJ.txt (text/plain) in CBT.V508.FILE861.PDS, moved to PDS/LADJ
2025-04-16 00:55:29.689733 - Found LAE.txt (text/plain) in CBT.V508.FILE861.PDS, moved to PDS/LAE
2025-04-16 00:55:29.689821 - Found LAM.txt (text/plain) in CBT.V508.FILE861.PDS, moved to PDS/LAM
2025-04-16 00:55:29.689915 - Found LAT.txt (text/plain) in CBT.V508.FILE861.PDS, moved to PDS/LAT
2025-04-16 00:55:29.689999 - Found LCSTR.txt (text/plain) in CBT.V508.FILE861.PDS, moved to PDS/LCSTR
2025-04-16 00:55:29.690120 - Found LDSUB.txt (text/plain) in CBT.V508.FILE861.PDS, moved to PDS/LDSUB
2025-04-16 00:55:29.690253 - Found LIX.txt (text/plain) in CBT.V508.FILE861.PDS, moved to PDS/LIX
2025-04-16 00:55:29.690353 - Found LMVC.txt (text/plain) in CBT.V508.FILE861.PDS, moved to PDS/LMVC
2025-04-16 00:55:29.690472 - Found LNE.txt (text/plain) in CBT.V508.FILE861.PDS, moved to PDS/LNE
2025-04-16 00:55:29.690570 - Found LNKSTK.txt (text/plain) in CBT.V508.FILE861.PDS, moved to PDS/LNKSTK
2025-04-16 00:55:29.690656 - Found LOCBYTE.txt (text/plain) in CBT.V508.FILE861.PDS, moved to PDS/LOCBYTE
2025-04-16 00:55:29.690746 - Found LOCLEN.txt (text/plain) in CBT.V508.FILE861.PDS, moved to PDS/LOCLEN
2025-04-16 00:55:29.690828 - Found LPALOOK.txt (text/plain) in CBT.V508.FILE861.PDS, moved to PDS/LPALOOK
2025-04-16 00:55:29.690936 - Found LTCB.txt (text/plain) in CBT.V508.FILE861.PDS, moved to PDS/LTCB
2025-04-16 00:55:29.691034 - Found LTJID.txt (text/plain) in CBT.V508.FILE861.PDS, moved to PDS/LTJID
2025-04-16 00:55:29.691127 - Found LTJP.txt (text/plain) in CBT.V508.FILE861.PDS, moved to PDS/LTJP
2025-04-16 00:55:29.691210 - Found LTJQEP.txt (text/plain) in CBT.V508.FILE861.PDS, moved to PDS/LTJQEP
2025-04-16 00:55:29.691298 - Found LTP.txt (text/plain) in CBT.V508.FILE861.PDS, moved to PDS/LTP
2025-04-16 00:55:29.691376 - Found MACAD.txt (text/plain) in CBT.V508.FILE861.PDS, moved to PDS/MACAD
2025-04-16 00:55:29.691462 - Found MACBDDDL.txt (text/plain) in CBT.V508.FILE861.PDS, moved to PDS/MACBDDDL
2025-04-16 00:55:29.691558 - Found MACBL.txt (text/plain) in CBT.V508.FILE861.PDS, moved to PDS/MACBL
2025-04-16 00:55:29.691675 - Found MACDC.txt (text/plain) in CBT.V508.FILE861.PDS, moved to PDS/MACDC
2025-04-16 00:55:29.691805 - Found MACDEFXT.txt (text/plain) in CBT.V508.FILE861.PDS, moved to PDS/MACDEFXT
2025-04-16 00:55:29.691924 - Found MACLIST.txt (text/plain) in CBT.V508.FILE861.PDS, moved to PDS/MACLIST
2025-04-16 00:55:29.692047 - Found MACMAPHD.txt (text/plain) in CBT.V508.FILE861.PDS, moved to PDS/MACMAPHD
2025-04-16 00:55:29.692189 - Found MACPARM.txt (text/plain) in CBT.V508.FILE861.PDS, moved to PDS/MACPARM
2025-04-16 00:55:29.692307 - Found MACPLOP.txt (text/plain) in CBT.V508.FILE861.PDS, moved to PDS/MACPLOP
2025-04-16 00:55:29.692424 - Found MACQOLIT.txt (text/plain) in CBT.V508.FILE861.PDS, moved to PDS/MACQOLIT
2025-04-16 00:55:29.692547 - Found MACQOTER.txt (text/plain) in CBT.V508.FILE861.PDS, moved to PDS/MACQOTER
2025-04-16 00:55:29.692660 - Found MACSRVLD.txt (text/plain) in CBT.V508.FILE861.PDS, moved to PDS/MACSRVLD
2025-04-16 00:55:29.692772 - Found MAPAUTO.txt (text/plain) in CBT.V508.FILE861.PDS, moved to PDS/MAPAUTO
2025-04-16 00:55:29.692886 - Found MAPCMPR.txt (text/plain) in CBT.V508.FILE861.PDS, moved to PDS/MAPCMPR
2025-04-16 00:55:29.692993 - Found MAPCMPRT.txt (text/plain) in CBT.V508.FILE861.PDS, moved to PDS/MAPCMPRT
2025-04-16 00:55:29.693108 - Found MAPDEFMT.txt (text/plain) in CBT.V508.FILE861.PDS, moved to PDS/MAPDEFMT
2025-04-16 00:55:29.693217 - Found MAPDSCHK.txt (text/plain) in CBT.V508.FILE861.PDS, moved to PDS/MAPDSCHK
2025-04-16 00:55:29.693328 - Found MAPEXTNT.txt (text/plain) in CBT.V508.FILE861.PDS, moved to PDS/MAPEXTNT
2025-04-16 00:55:29.693448 - Found MAPFD.txt (text/plain) in CBT.V508.FILE861.PDS, moved to PDS/MAPFD
2025-04-16 00:55:29.693554 - Found MAPFDL.txt (text/plain) in CBT.V508.FILE861.PDS, moved to PDS/MAPFDL
2025-04-16 00:55:29.693665 - Found MAPFDS.txt (text/plain) in CBT.V508.FILE861.PDS, moved to PDS/MAPFDS
2025-04-16 00:55:29.693783 - Found MAPFDW.txt (text/plain) in CBT.V508.FILE861.PDS, moved to PDS/MAPFDW
2025-04-16 00:55:29.693889 - Found MAPFIW.txt (text/plain) in CBT.V508.FILE861.PDS, moved to PDS/MAPFIW
2025-04-16 00:55:29.694000 - Found MAPINDEX.txt (text/plain) in CBT.V508.FILE861.PDS, moved to PDS/MAPINDEX
2025-04-16 00:55:29.694106 - Found MAPINP.txt (text/plain) in CBT.V508.FILE861.PDS, moved to PDS/MAPINP
2025-04-16 00:55:29.694258 - Found MAPINPWK.txt (text/plain) in CBT.V508.FILE861.PDS, moved to PDS/MAPINPWK
2025-04-16 00:55:29.694371 - Found MAPJOBDY.txt (text/plain) in CBT.V508.FILE861.PDS, moved to PDS/MAPJOBDY
2025-04-16 00:55:29.694488 - Found MAPJOBWK.txt (text/plain) in CBT.V508.FILE861.PDS, moved to PDS/MAPJOBWK
2025-04-16 00:55:29.694594 - Found MAPLODCB.txt (text/plain) in CBT.V508.FILE861.PDS, moved to PDS/MAPLODCB
2025-04-16 00:55:29.694771 - Found MAPMTS.txt (text/plain) in CBT.V508.FILE861.PDS, moved to PDS/MAPMTS
2025-04-16 00:55:29.694891 - Found MAPPARSE.txt (text/plain) in CBT.V508.FILE861.PDS, moved to PDS/MAPPARSE
2025-04-16 00:55:29.695004 - Found MAPPARST.txt (text/plain) in CBT.V508.FILE861.PDS, moved to PDS/MAPPARST
2025-04-16 00:55:29.695111 - Found MAPPDS.txt (text/plain) in CBT.V508.FILE861.PDS, moved to PDS/MAPPDS
2025-04-16 00:55:29.695237 - Found MAPPRT.txt (text/plain) in CBT.V508.FILE861.PDS, moved to PDS/MAPPRT
2025-04-16 00:55:29.695354 - Found MAPPRTWK.txt (text/plain) in CBT.V508.FILE861.PDS, moved to PDS/MAPPRTWK
2025-04-16 00:55:29.695461 - Found MAPRDC.txt (text/plain) in CBT.V508.FILE861.PDS, moved to PDS/MAPRDC
2025-04-16 00:55:29.695573 - Found MAPSBALL.txt (text/plain) in CBT.V508.FILE861.PDS, moved to PDS/MAPSBALL
2025-04-16 00:55:29.695677 - Found MAPSBAWK.txt (text/plain) in CBT.V508.FILE861.PDS, moved to PDS/MAPSBAWK
2025-04-16 00:55:29.695797 - Found MAPSBP2W.txt (text/plain) in CBT.V508.FILE861.PDS, moved to PDS/MAPSBP2W
2025-04-16 00:55:29.695905 - Found MAPSCR.txt (text/plain) in CBT.V508.FILE861.PDS, moved to PDS/MAPSCR
2025-04-16 00:55:29.696025 - Found MAPSCRWK.txt (text/plain) in CBT.V508.FILE861.PDS, moved to PDS/MAPSCRWK
2025-04-16 00:55:29.696139 - Found MAPTSA.txt (text/plain) in CBT.V508.FILE861.PDS, moved to PDS/MAPTSA
2025-04-16 00:55:29.696248 - Found MAPVOLRD.txt (text/plain) in CBT.V508.FILE861.PDS, moved to PDS/MAPVOLRD
2025-04-16 00:55:29.696375 - Found MAPVTOCS.txt (text/plain) in CBT.V508.FILE861.PDS, moved to PDS/MAPVTOCS
2025-04-16 00:55:29.696552 - Found MAPXWORK.txt (text/plain) in CBT.V508.FILE861.PDS, moved to PDS/MAPXWORK
2025-04-16 00:55:29.696659 - Found MASKEQU.bin (application/octet-stream) in CBT.V508.FILE861.PDS, moved to PDS/MASKEQU
2025-04-16 00:55:29.696775 - Found MAX.txt (text/plain) in CBT.V508.FILE861.PDS, moved to PDS/MAX
2025-04-16 00:55:29.696885 - Found MAXH.txt (text/plain) in CBT.V508.FILE861.PDS, moved to PDS/MAXH
2025-04-16 00:55:29.697013 - Found MDEF.txt (text/plain) in CBT.V508.FILE861.PDS, moved to PDS/MDEF
2025-04-16 00:55:29.697132 - Found MDEFDICT.txt (text/plain) in CBT.V508.FILE861.PDS, moved to PDS/MDEFDICT
2025-04-16 00:55:29.697253 - Found MDEFEND.txt (text/plain) in CBT.V508.FILE861.PDS, moved to PDS/MDEFEND
2025-04-16 00:55:29.697357 - Found MDEFGBL.txt (text/plain) in CBT.V508.FILE861.PDS, moved to PDS/MDEFGBL
2025-04-16 00:55:29.697548 - Found MDEFHEAD.txt (text/plain) in CBT.V508.FILE861.PDS, moved to PDS/MDEFHEAD
2025-04-16 00:55:29.697655 - Found MDEFPARM.txt (text/plain) in CBT.V508.FILE861.PDS, moved to PDS/MDEFPARM
2025-04-16 00:55:29.697768 - Found MIN.txt (text/plain) in CBT.V508.FILE861.PDS, moved to PDS/MIN
2025-04-16 00:55:29.697878 - Found MINH.txt (text/plain) in CBT.V508.FILE861.PDS, moved to PDS/MINH
2025-04-16 00:55:29.697991 - Found MOTE.txt (text/plain) in CBT.V508.FILE861.PDS, moved to PDS/MOTE
2025-04-16 00:55:29.698120 - Found MSORT.txt (text/plain) in CBT.V508.FILE861.PDS, moved to PDS/MSORT
2025-04-16 00:55:29.698233 - Found MTITL.txt (text/plain) in CBT.V508.FILE861.PDS, moved to PDS/MTITL
2025-04-16 00:55:29.698344 - Found MVCLIT.txt (text/plain) in CBT.V508.FILE861.PDS, moved to PDS/MVCLIT
2025-04-16 00:55:29.698453 - Found MVC2.txt (text/plain) in CBT.V508.FILE861.PDS, moved to PDS/MVC2
2025-04-16 00:55:29.698563 - Found MVICC.txt (text/plain) in CBT.V508.FILE861.PDS, moved to PDS/MVICC
2025-04-16 00:55:29.698670 - Found MVSDSAB.txt (text/plain) in CBT.V508.FILE861.PDS, moved to PDS/MVSDSAB
2025-04-16 00:55:29.698791 - Found MVSQUERY.txt (text/plain) in CBT.V508.FILE861.PDS, moved to PDS/MVSQUERY
2025-04-16 00:55:29.699011 - Found MVSSVCUP.txt (text/plain) in CBT.V508.FILE861.PDS, moved to PDS/MVSSVCUP
2025-04-16 00:55:29.699129 - Found MVST.txt (text/plain) in CBT.V508.FILE861.PDS, moved to PDS/MVST
2025-04-16 00:55:29.699237 - Found MYLVL.txt (text/plain) in CBT.V508.FILE861.PDS, moved to PDS/MYLVL
2025-04-16 00:55:29.699348 - Found OICC.txt (text/plain) in CBT.V508.FILE861.PDS, moved to PDS/OICC
2025-04-16 00:55:29.699456 - Found OPTIONGB.txt (text/plain) in CBT.V508.FILE861.PDS, moved to PDS/OPTIONGB
2025-04-16 00:55:29.699571 - Found PARFGSET.txt (text/plain) in CBT.V508.FILE861.PDS, moved to PDS/PARFGSET
2025-04-16 00:55:29.699678 - Found PARKEYAD.txt (text/plain) in CBT.V508.FILE861.PDS, moved to PDS/PARKEYAD
2025-04-16 00:55:29.699792 - Found PARKEYBX.txt (text/plain) in CBT.V508.FILE861.PDS, moved to PDS/PARKEYBX
2025-04-16 00:55:29.699901 - Found PARKEYFG.txt (text/plain) in CBT.V508.FILE861.PDS, moved to PDS/PARKEYFG
2025-04-16 00:55:29.700049 - Found PARMLOAD.txt (text/plain) in CBT.V508.FILE861.PDS, moved to PDS/PARMLOAD
2025-04-16 00:55:29.700164 - Found PARSE.txt (text/plain) in CBT.V508.FILE861.PDS, moved to PDS/PARSE
2025-04-16 00:55:29.700278 - Found PATCH.txt (text/plain) in CBT.V508.FILE861.PDS, moved to PDS/PATCH
2025-04-16 00:55:29.700383 - Found PFKEYS.txt (text/plain) in CBT.V508.FILE861.PDS, moved to PDS/PFKEYS
2025-04-16 00:55:29.700492 - Found PGMBAKR.txt (text/plain) in CBT.V508.FILE861.PDS, moved to PDS/PGMBAKR
2025-04-16 00:55:29.700597 - Found PGMBAND.txt (text/plain) in CBT.V508.FILE861.PDS, moved to PDS/PGMBAND
2025-04-16 00:55:29.700737 - Found PGMEXIT.txt (text/plain) in CBT.V508.FILE861.PDS, moved to PDS/PGMEXIT
2025-04-16 00:55:29.700932 - Found PGMHEAD.txt (text/plain) in CBT.V508.FILE861.PDS, moved to PDS/PGMHEAD
2025-04-16 00:55:29.701046 - Found PGMPATCH.txt (text/plain) in CBT.V508.FILE861.PDS, moved to PDS/PGMPATCH
2025-04-16 00:55:29.701160 - Found PRTBIG.txt (text/plain) in CBT.V508.FILE861.PDS, moved to PDS/PRTBIG
2025-04-16 00:55:29.701276 - Found PRTCLOSE.txt (text/plain) in CBT.V508.FILE861.PDS, moved to PDS/PRTCLOSE
2025-04-16 00:55:29.701398 - Found PRTCOM.txt (text/plain) in CBT.V508.FILE861.PDS, moved to PDS/PRTCOM
2025-04-16 00:55:29.701512 - Found PRTDATA.txt (text/plain) in CBT.V508.FILE861.PDS, moved to PDS/PRTDATA
2025-04-16 00:55:29.701624 - Found PRTF.txt (text/plain) in CBT.V508.FILE861.PDS, moved to PDS/PRTF
2025-04-16 00:55:29.701737 - Found PRTITEM.txt (text/plain) in CBT.V508.FILE861.PDS, moved to PDS/PRTITEM
2025-04-16 00:55:29.701845 - Found PRTL.txt (text/plain) in CBT.V508.FILE861.PDS, moved to PDS/PRTL
2025-04-16 00:55:29.701955 - Found PRTLIST.txt (text/plain) in CBT.V508.FILE861.PDS, moved to PDS/PRTLIST
2025-04-16 00:55:29.702060 - Found PRTOPEN.txt (text/plain) in CBT.V508.FILE861.PDS, moved to PDS/PRTOPEN
2025-04-16 00:55:29.702209 - Found PRTROOM.txt (text/plain) in CBT.V508.FILE861.PDS, moved to PDS/PRTROOM
2025-04-16 00:55:29.702315 - Found PRTS.txt (text/plain) in CBT.V508.FILE861.PDS, moved to PDS/PRTS
2025-04-16 00:55:29.702427 - Found PRTSNAP.txt (text/plain) in CBT.V508.FILE861.PDS, moved to PDS/PRTSNAP
2025-04-16 00:55:29.702531 - Found PRTSPACE.txt (text/plain) in CBT.V508.FILE861.PDS, moved to PDS/PRTSPACE
2025-04-16 00:55:29.702640 - Found PRTV.txt (text/plain) in CBT.V508.FILE861.PDS, moved to PDS/PRTV
2025-04-16 00:55:29.702756 - Found PRTWORK.txt (text/plain) in CBT.V508.FILE861.PDS, moved to PDS/PRTWORK
2025-04-16 00:55:29.702920 - Found PSWSECT.txt (text/plain) in CBT.V508.FILE861.PDS, moved to PDS/PSWSECT
2025-04-16 00:55:29.703036 - Found PUNWORK.txt (text/plain) in CBT.V508.FILE861.PDS, moved to PDS/PUNWORK
2025-04-16 00:55:29.703152 - Found RANDOM.txt (text/plain) in CBT.V508.FILE861.PDS, moved to PDS/RANDOM
2025-04-16 00:55:29.703263 - Found READFDR.txt (text/plain) in CBT.V508.FILE861.PDS, moved to PDS/READFDR
2025-04-16 00:55:29.703373 - Found READTMC.txt (text/plain) in CBT.V508.FILE861.PDS, moved to PDS/READTMC
2025-04-16 00:55:29.703477 - Found REGEQU.txt (text/plain) in CBT.V508.FILE861.PDS, moved to PDS/REGEQU
2025-04-16 00:55:29.703586 - Found RET31.txt (text/plain) in CBT.V508.FILE861.PDS, moved to PDS/RET31
2025-04-16 00:55:29.703689 - Found RMODE.txt (text/plain) in CBT.V508.FILE861.PDS, moved to PDS/RMODE
2025-04-16 00:55:29.703799 - Found RP.txt (text/plain) in CBT.V508.FILE861.PDS, moved to PDS/RP
2025-04-16 00:55:29.703904 - Found RSECT.txt (text/plain) in CBT.V508.FILE861.PDS, moved to PDS/RSECT
2025-04-16 00:55:29.704017 - Found SAC.txt (text/plain) in CBT.V508.FILE861.PDS, moved to PDS/SAC
2025-04-16 00:55:29.704204 - Found SAVEM.txt (text/plain) in CBT.V508.FILE861.PDS, moved to PDS/SAVEM
2025-04-16 00:55:29.704322 - Found SAVEX.txt (text/plain) in CBT.V508.FILE861.PDS, moved to PDS/SAVEX
2025-04-16 00:55:29.704427 - Found SCBILD.txt (text/plain) in CBT.V508.FILE861.PDS, moved to PDS/SCBILD
2025-04-16 00:55:29.704538 - Found SCRANAL.txt (text/plain) in CBT.V508.FILE861.PDS, moved to PDS/SCRANAL
2025-04-16 00:55:29.704643 - Found SCRCLOSE.txt (text/plain) in CBT.V508.FILE861.PDS, moved to PDS/SCRCLOSE
2025-04-16 00:55:29.704757 - Found SCRCOM.txt (text/plain) in CBT.V508.FILE861.PDS, moved to PDS/SCRCOM
2025-04-16 00:55:29.704865 - Found SCREDIT.txt (text/plain) in CBT.V508.FILE861.PDS, moved to PDS/SCREDIT
2025-04-16 00:55:29.704975 - Found SCRINIT.txt (text/plain) in CBT.V508.FILE861.PDS, moved to PDS/SCRINIT
2025-04-16 00:55:29.705083 - Found SCRITEM.txt (text/plain) in CBT.V508.FILE861.PDS, moved to PDS/SCRITEM
2025-04-16 00:55:29.705192 - Found SCRLIST.txt (text/plain) in CBT.V508.FILE861.PDS, moved to PDS/SCRLIST
2025-04-16 00:55:29.705296 - Found SCRLOOP.txt (text/plain) in CBT.V508.FILE861.PDS, moved to PDS/SCRLOOP
2025-04-16 00:55:29.705405 - Found SCRMARK.txt (text/plain) in CBT.V508.FILE861.PDS, moved to PDS/SCRMARK
2025-04-16 00:55:29.705509 - Found SCRMOVE.txt (text/plain) in CBT.V508.FILE861.PDS, moved to PDS/SCRMOVE
2025-04-16 00:55:29.705688 - Found SCRN.txt (text/plain) in CBT.V508.FILE861.PDS, moved to PDS/SCRN
2025-04-16 00:55:29.705814 - Found SCROPEN.txt (text/plain) in CBT.V508.FILE861.PDS, moved to PDS/SCROPEN
2025-04-16 00:55:29.705920 - Found SCRPAGE.txt (text/plain) in CBT.V508.FILE861.PDS, moved to PDS/SCRPAGE
2025-04-16 00:55:29.706053 - Found SCRSCAN.txt (text/plain) in CBT.V508.FILE861.PDS, moved to PDS/SCRSCAN
2025-04-16 00:55:29.706221 - Found SCRWORK.txt (text/plain) in CBT.V508.FILE861.PDS, moved to PDS/SCRWORK
2025-04-16 00:55:29.706422 - Found SERVCALC.txt (text/plain) in CBT.V508.FILE861.PDS, moved to PDS/SERVCALC
2025-04-16 00:55:29.706525 - Found SERVCALL.txt (text/plain) in CBT.V508.FILE861.PDS, moved to PDS/SERVCALL
2025-04-16 00:55:29.706615 - Found SERVCOMP.txt (text/plain) in CBT.V508.FILE861.PDS, moved to PDS/SERVCOMP
2025-04-16 00:55:29.706704 - Found SERVDEFS.txt (text/plain) in CBT.V508.FILE861.PDS, moved to PDS/SERVDEFS
2025-04-16 00:55:29.706821 - Found SERVFLAG.txt (text/plain) in CBT.V508.FILE861.PDS, moved to PDS/SERVFLAG
2025-04-16 00:55:29.706927 - Found SERVICE.txt (text/plain) in CBT.V508.FILE861.PDS, moved to PDS/SERVICE
2025-04-16 00:55:29.707028 - Found SERVINIT.txt (text/plain) in CBT.V508.FILE861.PDS, moved to PDS/SERVINIT
2025-04-16 00:55:29.707134 - Found SERVJES.txt (text/plain) in CBT.V508.FILE861.PDS, moved to PDS/SERVJES
2025-04-16 00:55:29.707237 - Found SERVLOAD.txt (text/plain) in CBT.V508.FILE861.PDS, moved to PDS/SERVLOAD
2025-04-16 00:55:29.707339 - Found SERVPDS.txt (text/plain) in CBT.V508.FILE861.PDS, moved to PDS/SERVPDS
2025-04-16 00:55:29.707427 - Found SERVSORT.txt (text/plain) in CBT.V508.FILE861.PDS, moved to PDS/SERVSORT
2025-04-16 00:55:29.707527 - Found SERVTERM.txt (text/plain) in CBT.V508.FILE861.PDS, moved to PDS/SERVTERM
2025-04-16 00:55:29.707616 - Found SERVTREE.txt (text/plain) in CBT.V508.FILE861.PDS, moved to PDS/SERVTREE
2025-04-16 00:55:29.707722 - Found SERVWORK.txt (text/plain) in CBT.V508.FILE861.PDS, moved to PDS/SERVWORK
2025-04-16 00:55:29.707833 - Found SETAM.txt (text/plain) in CBT.V508.FILE861.PDS, moved to PDS/SETAM
2025-04-16 00:55:29.707946 - Found SETCC.txt (text/plain) in CBT.V508.FILE861.PDS, moved to PDS/SETCC
2025-04-16 00:55:29.708069 - Found SMFSEAC.txt (text/plain) in CBT.V508.FILE861.PDS, moved to PDS/SMFSEAC
2025-04-16 00:55:29.708218 - Found SMPIOWK.txt (text/plain) in CBT.V508.FILE861.PDS, moved to PDS/SMPIOWK
2025-04-16 00:55:29.708335 - Found SPLEVEL.txt (text/plain) in CBT.V508.FILE861.PDS, moved to PDS/SPLEVEL
2025-04-16 00:55:29.708445 - Found SRST.txt (text/plain) in CBT.V508.FILE861.PDS, moved to PDS/SRST
2025-04-16 00:55:29.708562 - Found ST@.txt (text/plain) in CBT.V508.FILE861.PDS, moved to PDS/ST@
2025-04-16 00:55:29.708667 - Found STAM.txt (text/plain) in CBT.V508.FILE861.PDS, moved to PDS/STAM
2025-04-16 00:55:29.708783 - Found STITL.txt (text/plain) in CBT.V508.FILE861.PDS, moved to PDS/STITL
2025-04-16 00:55:29.708892 - Found STMAX.txt (text/plain) in CBT.V508.FILE861.PDS, moved to PDS/STMAX
2025-04-16 00:55:29.709023 - Found STMIN.txt (text/plain) in CBT.V508.FILE861.PDS, moved to PDS/STMIN
2025-04-16 00:55:29.709131 - Found STOMP.txt (text/plain) in CBT.V508.FILE861.PDS, moved to PDS/STOMP
2025-04-16 00:55:29.709251 - Found STORAGE.txt (text/plain) in CBT.V508.FILE861.PDS, moved to PDS/STORAGE
2025-04-16 00:55:29.709357 - Found STORQ.txt (text/plain) in CBT.V508.FILE861.PDS, moved to PDS/STORQ
2025-04-16 00:55:29.709473 - Found SUBCALL.txt (text/plain) in CBT.V508.FILE861.PDS, moved to PDS/SUBCALL
2025-04-16 00:55:29.709585 - Found SUBENT.txt (text/plain) in CBT.V508.FILE861.PDS, moved to PDS/SUBENT
2025-04-16 00:55:29.709695 - Found SUBEX.txt (text/plain) in CBT.V508.FILE861.PDS, moved to PDS/SUBEX
2025-04-16 00:55:29.709813 - Found SUBHEAD.txt (text/plain) in CBT.V508.FILE861.PDS, moved to PDS/SUBHEAD
2025-04-16 00:55:29.709919 - Found SUBRET.txt (text/plain) in CBT.V508.FILE861.PDS, moved to PDS/SUBRET
2025-04-16 00:55:29.710030 - Found SVCJFCB.txt (text/plain) in CBT.V508.FILE861.PDS, moved to PDS/SVCJFCB
2025-04-16 00:55:29.710165 - Found SWAP.txt (text/plain) in CBT.V508.FILE861.PDS, moved to PDS/SWAP
2025-04-16 00:55:29.710290 - Found SWAPR.txt (text/plain) in CBT.V508.FILE861.PDS, moved to PDS/SWAPR
2025-04-16 00:55:29.710432 - Found SWATCH.txt (text/plain) in CBT.V508.FILE861.PDS, moved to PDS/SWATCH
2025-04-16 00:55:29.710564 - Found SYSPARM.txt (text/plain) in CBT.V508.FILE861.PDS, moved to PDS/SYSPARM
2025-04-16 00:55:29.710647 - Found S64D.txt (text/plain) in CBT.V508.FILE861.PDS, moved to PDS/S64D
2025-04-16 00:55:29.710759 - Found S64F.txt (text/plain) in CBT.V508.FILE861.PDS, moved to PDS/S64F
2025-04-16 00:55:29.710891 - Found S99FAIL.txt (text/plain) in CBT.V508.FILE861.PDS, moved to PDS/S99FAIL
2025-04-16 00:55:29.711010 - Found TERMTYPE.txt (text/plain) in CBT.V508.FILE861.PDS, moved to PDS/TERMTYPE
2025-04-16 00:55:29.711117 - Found TIC.txt (text/plain) in CBT.V508.FILE861.PDS, moved to PDS/TIC
2025-04-16 00:55:29.711245 - Found TMONSECT.txt (text/plain) in CBT.V508.FILE861.PDS, moved to PDS/TMONSECT
2025-04-16 00:55:29.711382 - Found TMSREC.txt (text/plain) in CBT.V508.FILE861.PDS, moved to PDS/TMSREC
2025-04-16 00:55:29.711500 - Found TRANHEAD.txt (text/plain) in CBT.V508.FILE861.PDS, moved to PDS/TRANHEAD
2025-04-16 00:55:29.711607 - Found TRENT.txt (text/plain) in CBT.V508.FILE861.PDS, moved to PDS/TRENT
2025-04-16 00:55:29.711728 - Found TRINV.txt (text/plain) in CBT.V508.FILE861.PDS, moved to PDS/TRINV
2025-04-16 00:55:29.711903 - Found TRTAB.txt (text/plain) in CBT.V508.FILE861.PDS, moved to PDS/TRTAB
2025-04-16 00:55:29.712021 - Found TRTSMF.txt (text/plain) in CBT.V508.FILE861.PDS, moved to PDS/TRTSMF
2025-04-16 00:55:29.712129 - Found TSX.txt (text/plain) in CBT.V508.FILE861.PDS, moved to PDS/TSX
2025-04-16 00:55:29.712243 - Found UCBDEVN.txt (text/plain) in CBT.V508.FILE861.PDS, moved to PDS/UCBDEVN
2025-04-16 00:55:29.712347 - Found UNITY.txt (text/plain) in CBT.V508.FILE861.PDS, moved to PDS/UNITY
2025-04-16 00:55:29.712464 - Found USERHMT.txt (text/plain) in CBT.V508.FILE861.PDS, moved to PDS/USERHMT
2025-04-16 00:55:29.712569 - Found VCON.txt (text/plain) in CBT.V508.FILE861.PDS, moved to PDS/VCON
2025-04-16 00:55:29.712700 - Found VERBTAB.txt (text/plain) in CBT.V508.FILE861.PDS, moved to PDS/VERBTAB
2025-04-16 00:55:29.712814 - Found VFORM.txt (text/plain) in CBT.V508.FILE861.PDS, moved to PDS/VFORM
2025-04-16 00:55:29.712984 - Found VLOOK.txt (text/plain) in CBT.V508.FILE861.PDS, moved to PDS/VLOOK
2025-04-16 00:55:29.713107 - Found VNENTRY.txt (text/plain) in CBT.V508.FILE861.PDS, moved to PDS/VNENTRY
2025-04-16 00:55:29.713220 - Found VNEXIT.txt (text/plain) in CBT.V508.FILE861.PDS, moved to PDS/VNEXIT
2025-04-16 00:55:29.713342 - Found VOLREAD.txt (text/plain) in CBT.V508.FILE861.PDS, moved to PDS/VOLREAD
2025-04-16 00:55:29.713454 - Found VTAB.txt (text/plain) in CBT.V508.FILE861.PDS, moved to PDS/VTAB
2025-04-16 00:55:29.713574 - Found VTOBYTE.txt (text/plain) in CBT.V508.FILE861.PDS, moved to PDS/VTOBYTE
2025-04-16 00:55:29.713685 - Found VTOCHAR.txt (text/plain) in CBT.V508.FILE861.PDS, moved to PDS/VTOCHAR
2025-04-16 00:55:29.713804 - Found VTOTAB.txt (text/plain) in CBT.V508.FILE861.PDS, moved to PDS/VTOTAB
2025-04-16 00:55:29.713951 - Found WTBLD.txt (text/plain) in CBT.V508.FILE861.PDS, moved to PDS/WTBLD
2025-04-16 00:55:29.714089 - Found WTCLR.txt (text/plain) in CBT.V508.FILE861.PDS, moved to PDS/WTCLR
2025-04-16 00:55:29.714219 - Found WTERM.txt (text/plain) in CBT.V508.FILE861.PDS, moved to PDS/WTERM
2025-04-16 00:55:29.714341 - Found WTLST.txt (text/plain) in CBT.V508.FILE861.PDS, moved to PDS/WTLST
2025-04-16 00:55:29.714453 - Found WTLTP.txt (text/plain) in CBT.V508.FILE861.PDS, moved to PDS/WTLTP
2025-04-16 00:55:29.714574 - Found WTPVT.txt (text/plain) in CBT.V508.FILE861.PDS, moved to PDS/WTPVT
2025-04-16 00:55:29.714720 - Found WTU.txt (text/plain) in CBT.V508.FILE861.PDS, moved to PDS/WTU
2025-04-16 00:55:29.714834 - Found WTWRK.txt (text/plain) in CBT.V508.FILE861.PDS, moved to PDS/WTWRK
2025-04-16 00:55:29.714972 - Found XCURCON.txt (text/plain) in CBT.V508.FILE861.PDS, moved to PDS/XCURCON
